2.23e-01 2.19e-01 
2.24e-01 3.49e-01 
2.25e-01 3.48e-01 
2.24e-01 2.20e-01 
2.22e-01 3.51e-01 
2.23e-01 3.46e-01 
2.22e-01 2.19e-01 
2.25e-01 3.47e-01 
2.21e-01 3.45e-01 
2.25e-01 2.18e-01 
2.26e-01 3.49e-01 
2.19e-01 3.47e-01 
2.24e-01 2.18e-01 
2.24e-01 3.48e-01 
2.22e-01 3.48e-01 
2.25e-01 2.18e-01 
2.25e-01 3.43e-01 
2.19e-01 3.48e-01 
2.23e-01 2.15e-01 
2.24e-01 3.48e-01 
2.23e-01 3.49e-01 
2.22e-01 2.18e-01 
2.24e-01 3.48e-01 
2.21e-01 3.44e-01 
2.24e-01 2.20e-01 
2.22e-01 3.39e-01 
2.24e-01 3.46e-01 
2.22e-01 2.18e-01 
2.23e-01 3.50e-01 
2.22e-01 3.44e-01 
