2.24e-01 7.20e-01 
2.25e-01 2.88e-01 
2.21e-01 2.97e-01 
2.24e-01 2.97e-01 
2.24e-01 2.80e-01 
2.23e-01 3.85e-01 
2.23e-01 3.78e-01 
2.22e-01 3.75e-01 
2.25e-01 3.75e-01 
2.25e-01 7.23e-01 
2.24e-01 2.65e-01 
2.23e-01 2.92e-01 
2.25e-01 2.92e-01 
2.25e-01 2.91e-01 
2.25e-01 3.87e-01 
2.23e-01 3.83e-01 
2.19e-01 2.74e-01 
2.24e-01 3.79e-01 
2.21e-01 7.27e-01 
2.24e-01 2.85e-01 
2.25e-01 2.64e-01 
2.25e-01 2.90e-01 
2.22e-01 2.91e-01 
2.25e-01 7.09e-01 
2.23e-01 3.82e-01 
2.18e-01 2.80e-01 
2.23e-01 3.82e-01 
2.27e-01 2.92e-01 
2.23e-01 2.71e-01 
2.24e-01 2.93e-01 
