2.24e-01 5.54e-01 
2.18e-01 4.71e-01 
2.23e-01 4.25e-01 
2.23e-01 5.46e-01 
2.24e-01 4.89e-01 
2.23e-01 4.19e-01 
2.22e-01 4.01e-01 
2.22e-01 4.46e-01 
2.23e-01 4.12e-01 
2.22e-01 5.42e-01 
2.24e-01 4.35e-01 
2.20e-01 4.02e-01 
2.25e-01 5.41e-01 
2.19e-01 4.60e-01 
2.19e-01 4.11e-01 
2.25e-01 4.21e-01 
2.23e-01 4.07e-01 
2.23e-01 4.14e-01 
2.23e-01 5.35e-01 
2.18e-01 4.14e-01 
2.23e-01 4.19e-01 
2.22e-01 5.39e-01 
2.24e-01 4.24e-01 
2.21e-01 4.10e-01 
2.22e-01 5.43e-01 
2.20e-01 4.15e-01 
2.23e-01 4.30e-01 
2.22e-01 4.90e-01 
2.21e-01 4.54e-01 
2.22e-01 4.24e-01 
