2.23e-01 5.43e-01 
2.23e-01 5.33e-01 
2.19e-01 5.27e-01 
2.21e-01 4.13e-01 
2.25e-01 4.78e-01 
2.24e-01 5.30e-01 
2.20e-01 4.18e-01 
2.17e-01 4.70e-01 
2.22e-01 5.31e-01 
2.22e-01 5.46e-01 
2.14e-01 4.28e-01 
2.21e-01 5.31e-01 
2.21e-01 4.23e-01 
2.23e-01 4.29e-01 
2.22e-01 4.15e-01 
2.17e-01 4.25e-01 
2.22e-01 4.34e-01 
2.22e-01 4.71e-01 
2.25e-01 4.09e-01 
2.22e-01 5.34e-01 
2.25e-01 5.24e-01 
2.21e-01 4.10e-01 
2.24e-01 4.68e-01 
2.23e-01 5.33e-01 
2.20e-01 4.17e-01 
2.21e-01 4.80e-01 
2.22e-01 5.34e-01 
2.20e-01 5.24e-01 
2.24e-01 4.75e-01 
2.21e-01 4.26e-01 
