2.21e-01 3.38e-01 
2.20e-01 3.24e-01 
2.23e-01 3.50e-01 
2.23e-01 3.32e-01 
2.22e-01 3.41e-01 
2.23e-01 3.29e-01 
2.19e-01 3.52e-01 
2.21e-01 3.09e-01 
2.23e-01 3.39e-01 
2.22e-01 3.35e-01 
2.22e-01 3.57e-01 
2.23e-01 3.53e-01 
2.27e-01 3.38e-01 
2.20e-01 3.15e-01 
2.20e-01 3.36e-01 
2.21e-01 3.62e-01 
2.25e-01 3.34e-01 
2.19e-01 3.31e-01 
2.23e-01 6.41e-01 
2.21e-01 3.46e-01 
2.20e-01 3.37e-01 
2.19e-01 3.23e-01 
2.25e-01 3.22e-01 
2.22e-01 3.35e-01 
2.22e-01 3.38e-01 
2.19e-01 3.53e-01 
2.24e-01 3.42e-01 
2.22e-01 3.26e-01 
2.22e-01 3.18e-01 
2.21e-01 3.47e-01 
