2.23e-01 2.00e-02 
2.19e-01 2.00e-02 
2.23e-01 2.00e-02 
2.23e-01 2.00e-02 
2.20e-01 2.00e-02 
2.24e-01 2.00e-02 
2.24e-01 2.00e-02 
2.24e-01 2.00e-02 
2.23e-01 2.00e-02 
2.23e-01 2.00e-02 
2.19e-01 2.00e-02 
2.19e-01 2.00e-02 
2.24e-01 2.00e-02 
2.18e-01 2.00e-02 
2.25e-01 2.00e-02 
2.26e-01 2.00e-02 
2.24e-01 2.00e-02 
2.20e-01 2.00e-02 
2.21e-01 2.00e-02 
2.20e-01 2.00e-02 
2.26e-01 2.00e-02 
2.19e-01 2.00e-02 
2.25e-01 2.00e-02 
2.23e-01 2.00e-02 
2.21e-01 2.00e-02 
2.17e-01 2.00e-02 
2.22e-01 2.00e-02 
2.24e-01 2.00e-02 
2.22e-01 2.00e-02 
2.21e-01 2.00e-02 
