2.25e-01 2.00e-02 
2.25e-01 2.00e-02 
2.21e-01 2.00e-02 
2.25e-01 2.62e-01 
2.20e-01 2.75e-01 
2.25e-01 2.00e-02 
2.21e-01 2.00e-02 
2.22e-01 2.73e-01 
2.23e-01 2.00e-02 
2.25e-01 2.00e-02 
2.19e-01 2.66e-01 
2.21e-01 2.53e-01 
2.24e-01 2.00e-02 
2.21e-01 2.68e-01 
2.19e-01 2.49e-01 
2.20e-01 2.00e-02 
2.20e-01 2.74e-01 
2.23e-01 2.50e-01 
2.24e-01 2.61e-01 
2.21e-01 2.00e-02 
2.23e-01 2.63e-01 
2.21e-01 2.57e-01 
2.22e-01 2.71e-01 
2.24e-01 2.00e-02 
2.22e-01 2.60e-01 
2.22e-01 2.76e-01 
2.24e-01 2.66e-01 
2.23e-01 2.00e-02 
2.19e-01 2.00e-02 
2.25e-01 2.00e-02 
