2.07e-01 3.39e-01 
2.05e-01 3.30e-01 
2.07e-01 3.38e-01 
2.03e-01 3.51e-01 
2.08e-01 3.37e-01 
2.07e-01 3.42e-01 
2.03e-01 3.47e-01 
2.04e-01 3.22e-01 
2.08e-01 3.35e-01 
2.05e-01 3.51e-01 
2.04e-01 3.56e-01 
2.05e-01 3.46e-01 
2.06e-01 3.35e-01 
2.07e-01 3.25e-01 
2.06e-01 3.49e-01 
2.08e-01 3.60e-01 
2.08e-01 3.53e-01 
2.08e-01 3.38e-01 
2.04e-01 6.14e-01 
2.08e-01 3.45e-01 
2.08e-01 3.46e-01 
2.04e-01 3.29e-01 
2.07e-01 3.34e-01 
2.08e-01 3.46e-01 
2.09e-01 3.38e-01 
2.05e-01 3.63e-01 
2.04e-01 3.49e-01 
2.07e-01 3.09e-01 
2.04e-01 3.52e-01 
2.06e-01 3.45e-01 
