2.03e-01 3.38e-01 
2.06e-01 3.37e-01 
2.04e-01 2.71e-01 
2.08e-01 3.41e-01 
2.09e-01 3.39e-01 
2.07e-01 2.16e-01 
2.08e-01 3.42e-01 
2.02e-01 3.40e-01 
2.09e-01 2.30e-01 
2.06e-01 3.38e-01 
2.04e-01 3.42e-01 
2.07e-01 2.17e-01 
2.03e-01 3.38e-01 
2.07e-01 3.33e-01 
2.07e-01 2.93e-01 
2.03e-01 3.41e-01 
2.07e-01 3.35e-01 
2.03e-01 3.66e-01 
2.07e-01 3.39e-01 
2.07e-01 3.35e-01 
2.07e-01 2.18e-01 
2.06e-01 3.40e-01 
2.07e-01 3.40e-01 
2.09e-01 3.65e-01 
2.06e-01 3.36e-01 
2.09e-01 3.33e-01 
2.09e-01 2.52e-01 
2.06e-01 3.39e-01 
2.06e-01 3.40e-01 
2.08e-01 2.17e-01 
