2.07e-01 5.42e-01 
2.08e-01 5.36e-01 
2.04e-01 5.29e-01 
2.07e-01 4.11e-01 
2.06e-01 4.36e-01 
2.08e-01 5.26e-01 
2.05e-01 4.12e-01 
2.07e-01 4.78e-01 
2.06e-01 5.33e-01 
2.05e-01 5.35e-01 
2.03e-01 4.25e-01 
2.07e-01 5.31e-01 
2.06e-01 4.26e-01 
2.09e-01 4.26e-01 
2.04e-01 4.03e-01 
2.06e-01 4.24e-01 
2.07e-01 4.29e-01 
2.07e-01 4.64e-01 
2.07e-01 4.10e-01 
2.05e-01 4.87e-01 
2.06e-01 5.28e-01 
2.03e-01 4.08e-01 
2.08e-01 4.30e-01 
2.02e-01 5.29e-01 
2.05e-01 4.15e-01 
2.06e-01 4.68e-01 
2.03e-01 5.29e-01 
2.06e-01 5.42e-01 
2.08e-01 4.79e-01 
2.05e-01 4.09e-01 
