2.06e-01 2.50e-01 
2.08e-01 2.92e-01 
2.07e-01 2.98e-01 
2.06e-01 2.84e-01 
2.00e-01 2.94e-01 
2.08e-01 4.02e-01 
2.07e-01 2.45e-01 
2.05e-01 2.92e-01 
2.08e-01 2.94e-01 
2.08e-01 2.62e-01 
2.06e-01 2.88e-01 
2.05e-01 4.21e-01 
2.04e-01 7.33e-01 
2.05e-01 2.91e-01 
2.02e-01 4.21e-01 
2.02e-01 3.68e-01 
2.08e-01 3.74e-01 
2.09e-01 2.59e-01 
2.07e-01 2.46e-01 
2.08e-01 2.90e-01 
2.05e-01 2.97e-01 
2.05e-01 2.46e-01 
2.04e-01 2.62e-01 
2.07e-01 2.72e-01 
2.05e-01 3.62e-01 
2.05e-01 3.74e-01 
2.02e-01 2.64e-01 
2.03e-01 2.54e-01 
2.07e-01 2.77e-01 
2.06e-01 4.23e-01 
