2.07e-01 5.28e-01 
2.05e-01 5.27e-01 
2.07e-01 4.58e-01 
2.07e-01 4.14e-01 
2.09e-01 5.14e-01 
2.06e-01 4.55e-01 
2.08e-01 5.45e-01 
2.05e-01 5.25e-01 
2.05e-01 4.55e-01 
2.08e-01 5.46e-01 
2.07e-01 4.25e-01 
2.06e-01 4.39e-01 
2.10e-01 5.42e-01 
2.07e-01 4.30e-01 
2.07e-01 4.22e-01 
2.03e-01 4.51e-01 
2.08e-01 4.69e-01 
2.04e-01 4.30e-01 
2.08e-01 4.18e-01 
2.05e-01 5.32e-01 
2.06e-01 4.44e-01 
2.05e-01 4.24e-01 
2.05e-01 4.51e-01 
2.08e-01 5.46e-01 
2.07e-01 4.22e-01 
2.04e-01 5.24e-01 
2.07e-01 4.52e-01 
2.01e-01 5.13e-01 
2.06e-01 5.30e-01 
2.03e-01 4.60e-01 
