2.05e-01 2.00e-02 
2.05e-01 2.00e-02 
2.02e-01 2.37e-01 
2.06e-01 2.00e-02 
2.02e-01 3.61e-02 
2.06e-01 2.42e-01 
2.08e-01 2.00e-02 
2.07e-01 2.00e-02 
2.09e-01 2.22e-01 
2.07e-01 2.00e-02 
2.09e-01 7.28e-02 
2.07e-01 2.36e-01 
2.07e-01 2.00e-02 
2.08e-01 2.00e-02 
2.08e-01 2.28e-01 
2.05e-01 2.00e-02 
2.05e-01 2.00e-02 
2.04e-01 2.34e-01 
2.08e-01 2.00e-02 
2.10e-01 2.15e-01 
2.07e-01 2.32e-01 
2.07e-01 2.00e-02 
2.08e-01 2.00e-02 
2.08e-01 2.32e-01 
2.02e-01 2.00e-01 
2.05e-01 2.00e-02 
2.08e-01 2.28e-01 
2.08e-01 2.00e-02 
2.04e-01 2.00e-02 
2.04e-01 2.19e-01 
