2.06e-01 2.00e-02 
2.09e-01 2.00e-02 
2.02e-01 2.00e-02 
2.07e-01 2.00e-02 
2.05e-01 2.00e-02 
2.08e-01 2.00e-02 
2.05e-01 2.00e-02 
2.07e-01 2.00e-02 
2.07e-01 2.00e-02 
2.07e-01 2.00e-02 
2.08e-01 2.00e-02 
2.06e-01 2.00e-02 
2.06e-01 2.00e-02 
2.08e-01 2.00e-02 
2.07e-01 2.00e-02 
2.07e-01 2.00e-02 
2.05e-01 2.00e-02 
2.09e-01 2.00e-02 
2.04e-01 2.00e-02 
2.08e-01 2.00e-02 
2.07e-01 2.00e-02 
2.07e-01 2.00e-02 
2.09e-01 2.00e-02 
2.06e-01 2.00e-02 
2.02e-01 2.00e-02 
2.05e-01 2.00e-02 
2.08e-01 2.00e-02 
2.04e-01 2.00e-02 
2.06e-01 2.00e-02 
2.05e-01 2.00e-02 
