2.88e-02 2.65e-01 
2.98e-02 2.58e-01 
2.98e-02 7.48e-01 
2.98e-02 2.59e-01 
2.88e-02 2.44e-01 
2.98e-02 2.88e-01 
2.88e-02 2.50e-01 
2.88e-02 2.90e-01 
2.98e-02 2.88e-01 
2.78e-02 2.64e-01 
2.98e-02 2.65e-01 
2.78e-02 7.45e-01 
2.88e-02 2.50e-01 
2.98e-02 2.65e-01 
2.98e-02 2.98e-01 
2.98e-02 2.59e-01 
2.88e-02 3.73e-01 
2.88e-02 2.63e-01 
2.98e-02 2.56e-01 
2.98e-02 2.56e-01 
2.88e-02 2.44e-01 
2.98e-02 2.49e-01 
2.88e-02 3.70e-01 
2.98e-02 2.49e-01 
2.98e-02 3.65e-01 
2.88e-02 2.61e-01 
2.88e-02 2.87e-01 
2.98e-02 2.67e-01 
2.98e-02 2.88e-01 
2.98e-02 4.28e-01 
