2.78e-02 4.46e-01 
2.98e-02 4.21e-01 
2.98e-02 4.18e-01 
2.98e-02 4.27e-01 
2.98e-02 5.42e-01 
2.98e-02 4.13e-01 
2.88e-02 4.25e-01 
2.98e-02 4.57e-01 
2.98e-02 4.13e-01 
2.78e-02 5.35e-01 
2.98e-02 4.17e-01 
2.88e-02 4.09e-01 
2.98e-02 5.33e-01 
2.88e-02 5.28e-01 
2.98e-02 4.15e-01 
2.98e-02 5.23e-01 
2.98e-02 4.55e-01 
2.88e-02 4.20e-01 
2.98e-02 5.47e-01 
2.98e-02 4.23e-01 
2.88e-02 4.29e-01 
2.88e-02 4.52e-01 
2.88e-02 4.17e-01 
2.78e-02 4.11e-01 
2.98e-02 4.27e-01 
2.88e-02 4.14e-01 
2.88e-02 4.14e-01 
2.98e-02 5.51e-01 
2.88e-02 5.62e-01 
2.88e-02 3.98e-01 
