2.88e-02 3.29e-01 
2.98e-02 3.43e-01 
2.88e-02 3.33e-01 
2.98e-02 3.19e-01 
2.88e-02 3.18e-01 
2.98e-02 3.41e-01 
2.98e-02 3.09e-01 
2.98e-02 3.28e-01 
2.88e-02 3.26e-01 
2.98e-02 3.09e-01 
2.98e-02 3.37e-01 
2.98e-02 3.30e-01 
2.98e-02 3.51e-01 
2.88e-02 3.64e-01 
2.98e-02 3.24e-01 
2.78e-02 3.39e-01 
2.98e-02 3.45e-01 
2.78e-02 3.24e-01 
2.98e-02 3.26e-01 
2.98e-02 3.15e-01 
2.98e-02 3.37e-01 
2.98e-02 3.52e-01 
2.78e-02 3.38e-01 
2.98e-02 3.19e-01 
2.98e-02 3.31e-01 
2.98e-02 3.77e-01 
2.98e-02 3.24e-01 
2.98e-02 3.03e-01 
2.98e-02 3.26e-01 
2.98e-02 3.64e-01 
