2.98e-02 2.19e-01 
2.98e-02 3.47e-01 
2.98e-02 3.51e-01 
2.98e-02 2.74e-01 
2.98e-02 3.51e-01 
2.98e-02 3.45e-01 
2.98e-02 2.75e-01 
2.98e-02 3.52e-01 
2.88e-02 3.50e-01 
2.88e-02 2.14e-01 
2.88e-02 3.50e-01 
2.88e-02 2.66e-01 
2.78e-02 2.15e-01 
2.98e-02 3.53e-01 
2.98e-02 3.48e-01 
2.98e-02 3.69e-01 
2.98e-02 3.52e-01 
2.98e-02 3.46e-01 
2.88e-02 2.75e-01 
2.88e-02 3.49e-01 
2.98e-02 3.42e-01 
2.88e-02 2.18e-01 
2.98e-02 3.47e-01 
2.88e-02 3.46e-01 
2.88e-02 2.76e-01 
2.98e-02 3.44e-01 
2.98e-02 3.45e-01 
2.98e-02 3.65e-01 
2.88e-02 3.48e-01 
2.98e-02 3.41e-01 
