2.98e-02 4.86e-01 
2.88e-02 4.41e-01 
2.98e-02 4.29e-01 
2.78e-02 5.34e-01 
2.98e-02 4.21e-01 
2.88e-02 4.09e-01 
2.98e-02 5.28e-01 
2.98e-02 5.32e-01 
2.98e-02 4.15e-01 
2.98e-02 5.21e-01 
2.98e-02 4.82e-01 
2.98e-02 4.22e-01 
2.98e-02 5.21e-01 
2.69e-02 4.89e-01 
2.98e-02 4.27e-01 
2.98e-02 4.62e-01 
2.98e-02 5.36e-01 
2.98e-02 4.16e-01 
2.98e-02 4.25e-01 
2.98e-02 4.17e-01 
2.98e-02 4.14e-01 
2.98e-02 4.91e-01 
2.98e-02 4.21e-01 
2.98e-02 4.19e-01 
2.98e-02 4.97e-01 
2.98e-02 4.14e-01 
2.98e-02 4.21e-01 
2.98e-02 5.28e-01 
2.98e-02 4.90e-01 
2.98e-02 4.24e-01 
