2.98e-02 2.00e-02 
2.98e-02 2.00e-02 
2.98e-02 2.00e-02 
2.98e-02 2.00e-02 
2.98e-02 2.00e-02 
2.98e-02 2.00e-02 
2.88e-02 2.00e-02 
2.98e-02 2.00e-02 
2.88e-02 2.05e-02 
2.88e-02 2.00e-02 
2.88e-02 2.05e-02 
2.88e-02 2.00e-02 
2.98e-02 2.00e-02 
2.88e-02 2.00e-02 
2.88e-02 2.15e-02 
2.98e-02 2.00e-02 
2.98e-02 2.00e-02 
2.98e-02 2.00e-02 
2.98e-02 2.00e-02 
2.98e-02 2.00e-02 
2.98e-02 2.00e-02 
2.98e-02 2.00e-02 
2.98e-02 2.00e-02 
2.88e-02 2.00e-02 
2.98e-02 2.00e-02 
2.98e-02 2.00e-02 
2.98e-02 2.00e-02 
2.98e-02 2.00e-02 
2.98e-02 2.00e-02 
2.98e-02 2.00e-02 
