2.98e-02 2.00e-02 
2.88e-02 2.00e-02 
2.98e-02 2.00e-02 
2.98e-02 2.00e-02 
2.88e-02 2.00e-02 
2.98e-02 2.00e-02 
2.88e-02 2.00e-02 
2.98e-02 2.00e-02 
2.98e-02 2.00e-02 
2.98e-02 2.00e-02 
2.98e-02 2.00e-02 
2.98e-02 2.00e-02 
2.98e-02 2.00e-02 
2.98e-02 2.00e-02 
2.98e-02 2.00e-02 
2.88e-02 2.00e-02 
2.88e-02 2.00e-02 
2.98e-02 2.00e-02 
2.98e-02 2.00e-02 
2.98e-02 2.00e-02 
2.98e-02 2.00e-02 
2.88e-02 2.00e-02 
2.88e-02 2.00e-02 
2.98e-02 2.00e-02 
2.98e-02 2.00e-02 
2.88e-02 2.00e-02 
2.88e-02 2.00e-02 
2.98e-02 2.00e-02 
2.98e-02 2.00e-02 
2.98e-02 2.00e-02 
